image_width: 640
image_height: 480
camera_name: usb_cam
camera_matrix:
  rows: 3
  cols: 3
  data: [656.549570, 0, 342.201485, 0, 650.793578, 256.292768, 0, 0, 1]
distortion_model: plumb_bob
distortion_coefficients:
  rows: 1
  cols: 5
  data: [0.211195, -0.241746, 0.012549, 0.022251, 0]
rectification_matrix:
  rows: 3
  cols: 3
  data: [1, 0, 0, 0, 1, 0, 0, 0, 1]
projection_matrix:
  rows: 3
  cols: 4
  data: [685.773071, 0, 352.362770, 0, 0, 688.609741, 260.339830, 0, 0, 0, 1, 0]