image_width: 640
image_height: 480
camera_name: usb_cam
camera_matrix:
  rows: 3
  cols: 3
  data: [638.4002855678229, 0, 330.4092762150725, 0, 638.2320131697913, 304.6506397357925, 0, 0, 1]
distortion_model: plumb_bob
distortion_coefficients:
  rows: 1
  cols: 5
  data: [0.2103557682424191, -0.1486421139602994, 0.03047573242812857, -0.01133446387138536, 0]
rectification_matrix:
  rows: 3
  cols: 3
  data: [1, 0, 0, 0, 1, 0, 0, 0, 1]
projection_matrix:
  rows: 3
  cols: 4
  data: [678.9890747070312, 0, 324.9774627057486, 0, 0, 670.017578125, 314.1956201175926, 0, 0, 0, 1, 0]